001000 000000
001001 000000
001002 000000
001003 000000
001004 000000
001005 000000
001006 000000
001007 000000
001010 000000
001011 000000
001012 000000
001013 000001
001130 006000
001131 060400
001132 006001
001133 060400
001134 006002
001135 060400
001136 006003
001137 060400
001140 006004
001141 060400
001142 006005
001143 060400
001144 006400
001145 144401
001146 006401
001147 144401
001150 006402
001151 144401
001152 006403
001153 144401
001154 006404
001155 144401
001156 006405
001157 144401
001160 006006
001161 061000
001162 002412
001163 004407
001164 004410
001165 004411
001166 000000
